x_axis y_axis z_axis
71.1204439748916 -312.28460938236663 -757.05568472082689
148.19568337796738 246.80819002509378 -797.42902265321811
-892.32004856355547 265.76048831009246 -514.81565712647887
-372.0621825927941 -587.09293451484723 -615.74900195745715
-198.64289393587362 474.23576944507761 -646.02900540675068
967.12010203564762 166.26092231384948 -600.60900023281044
-73.433264300115269 -340.71305680986461 -807.52235713631592
148.19568337796738 189.96980327389176 181.62442220727107
-391.36862683780282 -298.07038566861763 -943.78237265813664
755.16319367718904 99.927878316354168 -651.07567264829959
822.60402815488044 -568.14063622984861 -565.28232954196812
-1027.201717518938 531.1111724038675 -323.04230194762027
793.73844777296677 -184.35659595862569 -1054.8287655161248
466.16868030989474 -75.399388923677364 166.48442048262433
254.17413755719659 -264.92237177366394 -1054.8090519722127
417.95902128873263 -118.04206006492433 -948.82903989968531
1150.1737956179525 9.9044614626105414 -646.02900540675068
-584.01909095125245 -302.80846023986732 -716.68234678843544
-564.75028110048356 -94.333179104882078 -797.42902265321811
-237.18051363741151 313.14123402258906 -625.84233644055507
-256.44932348818043 -373.8980869124062 50.411073926999322
1005.6577217371854 -558.68299519114316 -196.87562090889742
437.26546553374135 -118.04206006492433 40.317739443901488
813.00725762373577 -13.767403289843838 -812.58873792177712
803.33521830411144 521.63502326136825 -444.18202928870647
