x_axis y_axis z_axis
-198.9499362173265 -280.65313310911074 -512.4498633585373
-1573.2557685996919 -505.82866679211224 -203.63615365679661
-971.99696693240696 -674.71031705436337 -229.37062946527499
1334.8735374237062 0.81628399464117041 -342.60232302257992
132.35593408913658 -137.37960240011995 -672.00361337110326
316.41475092606061 -649.12218822674959 -306.57405689071015
-849.29108904112434 512.59885127256393 -363.21000872858798
1028.1567746790511 36.639664353300503 -563.93892003471933
819.50885028031928 -659.37743048344169 151.4996125002051
-984.31548670508664 -9.4189675364043541 347.08162864464083
-873.8801966029323 446.0497255951214 -759.50083111992967
-481.22138735082774 -434.18190607479357 -574.21260529888536
-1119.2440204019463 553.5398573967459 -322.03484743502258
242.83915617484226 -229.47687545388308 125.74503163250134
893.18030899864004 -86.203344744892348 -383.79758937537065
488.20297997385626 -408.61376797282634 486.04779801042406
-284.89198272477557 57.110167415391551 -708.03187950297297
46.461819565238777 476.75548018825799 -399.21816980123236
721.34414796729322 -142.47723743999614 -373.48369399275396
-39.384362975107784 379.54058136897208 -394.09137969876207
893.18030899864004 338.5795845191434 377.94289455558948
-444.36169199989166 -582.61304400060021 22.827233457813179
439.12062881734323 -285.79074960028004 -718.32566982636422
512.74415555211272 179.93318578793782 -378.63058915444964
132.35593408913658 440.93209982959866 -373.48369399275396
