x_axis y_axis z_axis
1842.9290718214415 -607.76194769710935 -486.12550454809087
384.4701841963917 468.69009540227552 -344.62799087229752
604.61492195111623 -820.21958778251417 -358.77636056314924
604.61492195111623 -820.21958778251417 -358.77636056314924
-427.36728254802091 220.85051239118931 -433.05530144012079
-1019.0062652638429 327.07933243389169 -401.22146963570435
-138.42731424494497 312.88782600631197 -358.77636056314924
-138.42731424494497 312.88782600631197 -358.77636056314924
563.33778362210535 560.75507277261761 -376.46182267671389
-1418.0186024442814 929.04264600920567 147.02785588479961
-1418.0186024442814 929.04264600920567 147.02785588479961
742.20538304781905 780.29463419420279 -68.748598667965297
742.20538304781905 780.29463419420279 -68.748598667965297
1952.893948151072 -289.07548756900189 -1.5300258691434296
1952.893948151072 -289.07548756900189 -1.5300258691434296
1306.3262735443004 348.29743268721273 217.75588757178195
687.16919860913799 723.63926350476152 -104.1195228950946
824.7596597058407 128.7578712656277 129.32857700395871
824.7596597058407 128.7578712656277 129.32857700395871
-1156.596726360546 -791.86423868257407 30.303805935272933
-220.98159090296667 964.45225269010643 -245.60321980361178
54.199331290438998 440.36241005755488 -189.02355780748113
425.74732252540252 206.6590059636095 -29.840582018123087
-881.41580416714032 -685.69074615031059 -578.08990753862713
962.29637452867769 -197.0105101986598 -288.03451210889068
