x_axis y_axis z_axis
-2256.0302734375 999.2490234375 -1969.8877792358398
-2571.87451171875 499.62451171875 -2538.9170761108398
-4060.8544921875 181.681640625 -2320.0596542358398
-4782.7841796875 -136.43865394592285 -2582.6885604858398
-5730.31689453125 45.42041015625 -2101.2022323608398
5143.7490234375 363.36328125 -1707.2588729858398
5098.62841796875 862.98779296875 -2013.6592636108398
3609.6484375 1725.9755859375 -2320.0596542358398
2932.83935546875 2134.75927734375 -1926.1162948608398
1940.18603515625 2588.96337890625 -2276.2881698608398
1308.49755859375 3043.16748046875 -2538.9170761108398
225.60302734375 4224.09814453125 -2626.4600448608398
-180.6586742401123 4859.98388671875 -2889.0889511108398
-586.7441234588623 5541.2900390625 -2932.8604354858398
-631.8647289276123 -5586.71044921875 -2889.0889511108398
-496.5029125213623 -5268.767578125 -2845.3174667358398
-406.2617015838623 -5268.767578125 -2582.6885604858398
-225.7792797088623 -5541.2900390625 -2670.2315292358398
-767.2265453338623 -5813.8125 -2757.7744979858398
-225.7792797088623 5632.130859375 -3020.4034042358398
-225.7792797088623 4814.5634765625 -2582.6885604858398
-0.17625236511230469 4587.46142578125 -2626.4600448608398
45.12060546875 4224.09814453125 -2538.9170761108398
541.447265625 3088.587890625 -2407.6026229858398
1624.341796875 2452.7021484375 -2495.1455917358398
2256.0302734375 2089.3388671875 -2407.6026229858398
3203.56298828125 1771.39599609375 -2101.2022323608398
4421.8193359375 1816.81640625 -1969.8877792358398
5594.955078125 1453.453125 -1444.6299667358398
-5098.62841796875 1680.55517578125 -1400.8584823608398
-4421.8193359375 2089.3388671875 -1269.5440292358398
-3654.76904296875 2498.12255859375 -1313.3155136108398
-2887.71875 2452.7021484375 -1532.1729354858398
-2887.71875 2816.0654296875 -1619.7159042358398
-2391.39208984375 2861.48583984375 -1663.4873886108398
-1308.49755859375 3769.89404296875 -1926.1162948608398
-676.80908203125 4405.77978515625 -2188.7452011108398
316.0204906463623 5586.71044921875 -2101.2022323608398
225.7792797088623 -4769.14306640625 -2714.0030136108398
0.17625236511230469 -3996.99609375 -3720.7471542358398
270.8998851776123 -1271.771484375 -4421.0909042358398
586.7441234588623 -317.94287109375 -5077.6631698608398
-180.482421875 454.38152503967285 -5559.1494979858398
-451.2060546875 817.74480628967285 -5121.4346542358398
-496.32666015625 1135.6876773834229 5427.4930801391602
-857.29150390625 1317.3693180084229 -5515.3780136108398
-406.08544921875 1408.2101383209229 -5252.7491073608398
-360.96484375 908.58562660217285 -4946.3487167358398
-360.96484375 817.74480628967285 -4858.8057479858398
-180.482421875 91.018243789672852 -4683.7198104858398
0.17625236511230469 91.018243789672852 -4596.1768417358398
541.6235179901123 -999.2490234375 -4596.1768417358398
812.3471508026123 -1362.6123046875 -4421.0909042358398
992.8295726776123 -2906.90625 -3633.2041854858398
992.8295726776123 -3361.1103515625 -3808.2901229858398
1173.3119945526123 -4996.2451171875 -2757.7744979858398
1263.5532054901123 -5541.2900390625 -3107.9463729858398
316.0204906463623 4678.30224609375 -2451.3741073608398
135.5380687713623 4314.93896484375 -2363.8311386108398
-451.2060546875 2816.0654296875 -2407.6026229858398
-1443.859375 2361.861328125 -2057.4307479858398
-1759.70361328125 1771.39599609375 -2276.2881698608398
-2210.90966796875 1226.35107421875 -2013.6592636108398
-2301.15087890625 1044.66943359375 -2101.2022323608398
-3338.9248046875 272.5224609375 -2232.5166854858398
-4196.21630859375 45.42041015625 -2538.9170761108398
-5098.62841796875 -91.018243789672852 -2276.2881698608398
-5775.4375 181.681640625 -2144.9737167358398
5143.7490234375 545.044921875 -2495.1455917358398
3790.130859375 999.2490234375 -1969.8877792358398
3023.08056640625 1498.87353515625 -2013.6592636108398
2030.42724609375 2225.60009765625 -2451.3741073608398
1263.376953125 2361.861328125 -2845.3174667358398
857.29150390625 3860.73486328125 -2188.7452011108398
1037.77392578125 4678.30224609375 -2363.8311386108398
406.08544921875 -5586.71044921875 -2101.2022323608398
360.96484375 -4451.2001953125 -2495.1455917358398
270.7236328125 -3906.1552734375 -2407.6026229858398
135.36181640625 -2679.80419921875 -2976.6319198608398
45.12060546875 -2134.75927734375 -2801.5459823608398
631.6884765625 -1544.2939453125 -2932.8604354858398
496.32666015625 -953.82861328125 -3151.7178573608398
1443.859375 -454.2041015625 -3283.0323104858398
1173.1357421875 181.85906410217285 -3633.2041854858398
1398.73876953125 318.12029457092285 -4027.1475448608398
1037.77392578125 318.12029457092285 -3939.6045761108398
676.80908203125 45.597833633422852 -4027.1475448608398
721.9296875 -272.5224609375 -3633.2041854858398
586.56787109375 -590.46533203125 -3589.4327011108398
225.60302734375 -862.98779296875 -3414.3467636108398
451.2060546875 -1090.08984375 -3107.9463729858398
541.447265625 -1635.134765625 -2845.3174667358398
586.56787109375 -2134.75927734375 -2495.1455917358398
180.482421875 -2271.0205078125 -2582.6885604858398
90.2412109375 -3815.314453125 -2407.6026229858398
-90.417463302612305 -4769.14306640625 -2538.9170761108398
451.2060546875 -4996.2451171875 -2320.0596542358398
1353.6181640625 5722.9716796875 -1794.8018417358398
1759.70361328125 4950.82470703125 -1751.0303573608398
3564.52783203125 4587.46142578125 -1575.9444198608398
4827.90478515625 3497.37158203125 -1313.3155136108398
5459.59326171875 3224.84912109375 -1400.8584823608398
-4376.69873046875 2861.48583984375 -875.60066986083984
-3113.32177734375 2952.32666015625 -1225.7725448608398
-2571.87451171875 3224.84912109375 -1575.9444198608398
-1173.1357421875 2997.7470703125 -2057.4307479858398
90.417463302612305 3906.1552734375 -2582.6885604858398
767.2265453338623 4405.77978515625 -2626.4600448608398
1624.5180492401123 4814.5634765625 -3370.5752792358398
1669.6386547088623 5495.86962890625 -3852.0616073608398
1444.0356273651123 -4632.8818359375 -3545.6612167358398
1173.3119945526123 -2634.3837890625 -4070.9190292358398
0.17625236511230469 -1362.6123046875 -4158.4619979858398
90.417463302612305 -726.7265625 -4158.4619979858398
-451.2060546875 -363.36328125 -4246.0049667358398
-857.29150390625 45.597833633422852 -4027.1475448608398
-857.29150390625 681.48357582092285 -4114.6905136108398
-1218.25634765625 681.48357582092285 -4377.3194198608398
-857.29150390625 681.48357582092285 -4377.3194198608398
-135.36181640625 -45.42041015625 -3939.6045761108398
45.296857833862305 -590.46533203125 -3939.6045761108398
0.17625236511230469 -1090.08984375 -4421.0909042358398
225.7792797088623 -2679.80419921875 -3064.1748886108398
-225.60302734375 -4133.25732421875 -2188.7452011108398
-360.96484375 -5268.767578125 -1794.8018417358398
90.417463302612305 -5632.130859375 -2320.0596542358398
-270.7236328125 5632.130859375 -2057.4307479858398
-360.96484375 5450.44921875 -2144.9737167358398
-947.53271484375 3860.73486328125 -1926.1162948608398
-1218.25634765625 3134.00830078125 -1838.5733261108398
-1579.22119140625 2679.80419921875 -1838.5733261108398
-3113.32177734375 1408.03271484375 -1751.0303573608398
-3970.61328125 1180.9306640625 -1882.3448104858398
5504.7138671875 817.5673828125 -1707.2588729858398
4918.14599609375 681.30615234375 -2013.6592636108398
4196.21630859375 1589.71435546875 -1838.5733261108398
3384.04541015625 2316.44091796875 -1663.4873886108398
3474.28662109375 2770.64501953125 -1926.1162948608398
3519.4072265625 2816.0654296875 -1794.8018417358398
3564.52783203125 3406.53076171875 -1751.0303573608398
3474.28662109375 3679.05322265625 -1663.4873886108398
2977.9599609375 3361.1103515625 -1794.8018417358398
2571.87451171875 2679.80419921875 -2013.6592636108398
2075.5478515625 2634.3837890625 -2232.5166854858398
1804.82421875 2816.0654296875 -2232.5166854858398
947.53271484375 3224.84912109375 -2188.7452011108398
676.80908203125 3043.16748046875 -2276.2881698608398
-0.17625236511230469 4587.46142578125 -2538.9170761108398
270.7236328125 4632.8818359375 -2495.1455917358398
-0.17625236511230469 5041.66552734375 -2188.7452011108398
135.36181640625 4859.98388671875 -2188.7452011108398
180.482421875 4996.2451171875 -2320.0596542358398
90.2412109375 5359.6083984375 -2232.5166854858398
-90.417463302612305 5405.02880859375 -2363.8311386108398
-0.17625236511230469 5132.50634765625 -2626.4600448608398
-45.296857833862305 5177.9267578125 -2757.7744979858398
-180.6586742401123 4859.98388671875 -2626.4600448608398
406.08544921875 3951.57568359375 -2538.9170761108398
1128.01513671875 3769.89404296875 -2013.6592636108398
2842.59814453125 2679.80419921875 -2101.2022323608398
4196.21630859375 1862.23681640625 -1575.9444198608398
5459.59326171875 2225.60009765625 -1313.3155136108398
-4782.7841796875 1816.81640625 -1094.4580917358398
-3880.3720703125 1362.6123046875 -1444.6299667358398
-2571.87451171875 1226.35107421875 -2101.2022323608398
-1624.341796875 1271.771484375 -2057.4307479858398
-631.6884765625 2816.0654296875 -2582.6885604858398
316.0204906463623 2861.48583984375 -2538.9170761108398
812.3471508026123 3815.314453125 -2757.7744979858398
1850.1210765838623 4859.98388671875 -3764.5186386108398
1850.1210765838623 5041.66552734375 -3414.3467636108398
1173.3119945526123 -4451.2001953125 -3458.1182479858398
902.5883617401123 -3724.4736328125 -3195.4893417358398
0.17625236511230469 -2725.224609375 -3107.9463729858398
-947.53271484375 -1680.55517578125 -3151.7178573608398
-1173.1357421875 -1271.771484375 -3370.5752792358398
-1804.82421875 -908.408203125 -3370.5752792358398
-992.6533203125 -454.2041015625 -3545.6612167358398
-992.6533203125 -181.681640625 -3895.8330917358398
-1128.01513671875 227.27947425842285 -4464.8623886108398
-586.56787109375 318.12029457092285 -4464.8623886108398
-451.2060546875 272.69988441467285 -4771.2627792358398
45.296857833862305 -408.78369140625 -4377.3194198608398
270.8998851776123 -1453.453125 -4246.0049667358398
676.9853343963623 -3043.16748046875 -3064.1748886108398
-406.08544921875 -3769.89404296875 -2889.0889511108398
-360.96484375 -3179.4287109375 -2320.0596542358398
-496.32666015625 -4678.30224609375 -2363.8311386108398
-586.56787109375 -4678.30224609375 -1926.1162948608398
-676.80908203125 5495.86962890625 -1926.1162948608398
-270.7236328125 5177.9267578125 -2232.5166854858398
-676.80908203125 4042.41650390625 -2188.7452011108398
-1398.73876953125 2952.32666015625 -1926.1162948608398
-1804.82421875 2089.3388671875 -1969.8877792358398
-1940.18603515625 2043.91845703125 -1751.0303573608398
-3519.4072265625 1544.2939453125 -1619.7159042358398
-4241.3369140625 1907.6572265625 -1094.4580917358398
-4963.2666015625 1998.498046875 -1444.6299667358398
5233.990234375 2089.3388671875 -1532.1729354858398
4331.578125 2180.1796875 -1357.0869979858398
3474.28662109375 3134.00830078125 -2188.7452011108398
2797.4775390625 2906.90625 -2057.4307479858398
2301.15087890625 3497.37158203125 -1488.4014511108398
1173.1357421875 4632.8818359375 -1882.3448104858398
812.1708984375 4451.2001953125 -2407.6026229858398
45.12060546875 5223.34716796875 -2714.0030136108398
-180.6586742401123 5495.86962890625 -2626.4600448608398
-270.8998851776123 -5405.02880859375 -2451.3741073608398
-180.6586742401123 -4769.14306640625 -2276.2881698608398
451.2060546875 -3996.99609375 -2232.5166854858398
541.447265625 -3724.4736328125 -1969.8877792358398
-45.296857833862305 -3088.587890625 -2670.2315292358398
-135.5380687713623 -2906.90625 -3020.4034042358398
-496.5029125213623 -2634.3837890625 -3283.0323104858398
-316.0204906463623 -2816.0654296875 -3020.4034042358398
-406.2617015838623 -3996.99609375 -2407.6026229858398
-90.417463302612305 -4678.30224609375 -2538.9170761108398
541.447265625 -5632.130859375 -2320.0596542358398
2075.5478515625 4269.5185546875 -1619.7159042358398
2662.11572265625 4405.77978515625 -2101.2022323608398
2391.39208984375 4314.93896484375 -1400.8584823608398
3745.01025390625 4496.62060546875 -1488.4014511108398
5143.7490234375 3996.99609375 -1357.0869979858398
-5233.990234375 3451.951171875 -1094.4580917358398
-4827.90478515625 2952.32666015625 -700.51473236083984
-4376.69873046875 2498.12255859375 -1313.3155136108398
-3609.6484375 1271.771484375 -1794.8018417358398
-2977.9599609375 1453.453125 -1882.3448104858398
-3068.201171875 2452.7021484375 -1619.7159042358398
-2977.9599609375 2452.7021484375 -1357.0869979858398
-3293.80419921875 2770.64501953125 -1575.9444198608398
-2842.59814453125 2770.64501953125 -1751.0303573608398
-2707.236328125 2634.3837890625 -1532.1729354858398
-2932.83935546875 2588.96337890625 -1313.3155136108398
-2797.4775390625 2634.3837890625 -1619.7159042358398
-2797.4775390625 2634.3837890625 -1357.0869979858398
-3248.68359375 2725.224609375 -1707.2588729858398
-3429.166015625 3361.1103515625 -1269.5440292358398
-3338.9248046875 4451.2001953125 -1006.9151229858398
-4466.93994140625 5314.18798828125 -1050.6866073608398
-4557.18115234375 -5495.86962890625 -1138.2295761108398
-4557.18115234375 -3497.37158203125 -1488.4014511108398
-5098.62841796875 -3043.16748046875 -1575.9444198608398
-5775.4375 -1816.81640625 -1707.2588729858398
5640.07568359375 -772.14697265625 -2188.7452011108398
5369.35205078125 499.80193519592285 -2889.0889511108398
5188.86962890625 1135.6876773834229 -2889.0889511108398
4963.2666015625 2725.4020328521729 -4771.2627792358398
5279.11083984375 3315.8673648834229 5515.0360488891602
5188.86962890625 4405.9572086334229 4026.8055801391602
5188.86962890625 5768.5695133209229 1838.2313613891602
5594.955078125 -5722.7942562103271 568.85831451416016
-5188.86962890625 5586.8878726959229 -2276.4591522216797
-5053.5078125 5450.6266422271729 -3545.8321990966797
-4105.97509765625 4678.4796695709229 5427.3220977783203
-3970.61328125 4360.5367984771729 4508.1209259033203
-3564.52783203125 3588.3898258209229 3151.2049102783203
-3654.76904296875 2407.4591617584229 2013.1463165283203
-4151.095703125 1816.9938297271729 1794.2888946533203
-3519.4072265625 91.018243789672852 831.31623840332031
-3564.52783203125 -499.62451171875 262.28694152832031
-3474.28662109375 -1498.87353515625 -175.59888458251953
-3248.68359375 -2180.1796875 -394.45630645751953
-3699.8896484375 -2906.90625 -131.82740020751953
-3293.80419921875 -3043.16748046875 -788.39966583251953
-3654.76904296875 -2679.80419921875 -438.22779083251953
-4151.095703125 -908.408203125 -44.284431457519531
-4286.45751953125 681.48357582092285 962.63069152832031
-4602.3017578125 1998.6754703521729 1706.7459259033203
-4647.42236328125 4224.2755680084229 4814.5213165283203
-4827.90478515625 5223.5245914459229 -4377.4904022216797
5549.83447265625 5586.8878726959229 -1663.6583709716797
5414.47265625 5723.1491031646729 218.68643951416016
5233.990234375 5178.1041812896729 2757.4325332641602
5369.35205078125 3951.7531070709229 4989.7782363891602
5098.62841796875 2952.5040836334229 -4377.3194198608398
4963.2666015625 817.74480628967285 -3107.9463729858398
5188.86962890625 -499.62451171875 -2101.2022323608398
5053.5078125 -3906.1552734375 -1444.6299667358398
5279.11083984375 -5223.34716796875 -1488.4014511108398
-5640.07568359375 4042.41650390625 -700.51473236083984
-5640.07568359375 2407.28173828125 -1138.2295761108398
-5053.5078125 999.2490234375 -1619.7159042358398
-5233.990234375 181.681640625 -2232.5166854858398
-5324.2314453125 -136.43865394592285 -2757.7744979858398
-5504.7138671875 -318.12029457092285 -2495.1455917358398
5414.47265625 181.681640625 -2495.1455917358398
4873.025390625 545.044921875 -2582.6885604858398
3790.130859375 1090.08984375 -2232.5166854858398
1985.306640625 1998.498046875 -2320.0596542358398
947.53271484375 3315.68994140625 -2538.9170761108398
631.6884765625 3724.4736328125 -2495.1455917358398
-631.8647289276123 4133.25732421875 -2801.5459823608398
-857.4677562713623 4814.5634765625 -3195.4893417358398
-1489.1562328338623 5541.2900390625 -3633.2041854858398
-2346.4477367401123 -5586.71044921875 -4027.1475448608398
-2030.6034984588623 -4905.404296875 -3983.3760604858398
-2075.7241039276123 -3588.21240234375 -4289.7764511108398
-1850.1210765838623 -2543.54296875 -4333.5479354858398
-1398.9150218963623 -1544.2939453125 -4421.0909042358398
-902.5883617401123 -227.10205078125 -4289.7764511108398
-541.6235179901123 -317.94287109375 -4464.8623886108398
-45.296857833862305 181.85906410217285 -4070.9190292358398
270.7236328125 91.018243789672852 -4070.9190292358398
90.2412109375 363.54070472717285 -4070.9190292358398
135.36181640625 227.27947425842285 -4114.6905136108398
-225.7792797088623 91.018243789672852 -4508.6338729858398
-496.5029125213623 0.17742347717285156 -4946.3487167358398
-1173.3119945526123 -136.26123046875 -4552.4053573608398
-1083.0707836151123 -499.62451171875 -4639.9483261108398
-1353.7944164276123 -1135.51025390625 -4552.4053573608398
-1669.6386547088623 -2271.0205078125 -3720.7471542358398
-1895.2416820526123 -2498.12255859375 -3764.5186386108398
-1940.3622875213623 -3542.7919921875 -3983.3760604858398
-2256.2065258026123 -3860.73486328125 -4027.1475448608398
-1624.5180492401123 -4950.82470703125 -3414.3467636108398
-1759.8798656463623 5450.44921875 -3545.6612167358398
-992.8295726776123 3588.21240234375 -3107.9463729858398
-586.7441234588623 1998.498046875 -3283.0323104858398
-0.17625236511230469 1680.55517578125 -3501.8897323608398
992.6533203125 545.044921875 -3808.2901229858398
1037.77392578125 45.42041015625 -3764.5186386108398
2571.87451171875 -817.74480628967285 -3414.3467636108398
3745.01025390625 -1090.2672672271729 -3239.2608261108398
-5594.955078125 -863.16521644592285 -3107.9463729858398
-4105.97509765625 -908.58562660217285 -3064.1748886108398
-3293.80419921875 -1090.2672672271729 -2714.0030136108398
-2977.9599609375 -227.27947425842285 -2407.6026229858398
-2256.0302734375 181.681640625 -2320.0596542358398
-2120.66845703125 408.78369140625 -2976.6319198608398
-2030.42724609375 1044.66943359375 -2538.9170761108398
-676.80908203125 1498.87353515625 -2714.0030136108398
-857.29150390625 2316.44091796875 -2714.0030136108398
-90.2412109375 3633.6328125 -2670.2315292358398
-45.12060546875 4042.41650390625 -2451.3741073608398
45.296857833862305 4859.98388671875 -2188.7452011108398
-45.12060546875 -5677.55126953125 -1926.1162948608398
180.6586742401123 -5359.6083984375 -2232.5166854858398
-947.53271484375 -4405.77978515625 -2188.7452011108398
-1308.49755859375 -3860.73486328125 -2101.2022323608398
-2436.5126953125 -2997.7470703125 -2057.4307479858398
-3068.201171875 -2089.3388671875 -2320.0596542358398
-3835.25146484375 -953.82861328125 -2276.2881698608398
-4151.095703125 -454.2041015625 -2670.2315292358398
-4015.73388671875 -590.46533203125 -2538.9170761108398
-3925.49267578125 -317.94287109375 -2626.4600448608398
-4602.3017578125 91.018243789672852 -2670.2315292358398
-4466.93994140625 136.43865394592285 -2451.3741073608398
-4015.73388671875 -317.94287109375 -2626.4600448608398
-3790.130859375 -454.2041015625 -2670.2315292358398
-3474.28662109375 -227.10205078125 -2889.0889511108398
-3654.76904296875 -590.46533203125 -2889.0889511108398
-3203.56298828125 -1044.66943359375 -2801.5459823608398
-3158.4423828125 -1090.08984375 -2582.6885604858398
-2256.0302734375 -2634.3837890625 -2407.6026229858398
-1669.46240234375 -4133.25732421875 -1926.1162948608398
-1263.376953125 -4451.2001953125 -1969.8877792358398
-1082.89453125 -5087.0859375 -1794.8018417358398
-1443.859375 5541.2900390625 -1794.8018417358398
-1353.6181640625 4723.72265625 -1707.2588729858398
-2165.7890625 3996.99609375 -1707.2588729858398
-2526.75390625 4087.8369140625 -1444.6299667358398
-2571.87451171875 3497.37158203125 -1488.4014511108398
-2977.9599609375 3088.587890625 -1094.4580917358398
-4241.3369140625 2271.0205078125 -1182.0010604858398
-4827.90478515625 2134.75927734375 -1488.4014511108398
-5369.35205078125 2225.60009765625 -1488.4014511108398
-5594.955078125 2089.3388671875 -1532.1729354858398
5459.59326171875 1589.71435546875 -2101.2022323608398
4466.93994140625 1862.23681640625 -1313.3155136108398
3203.56298828125 2134.75927734375 -2101.2022323608398
2932.83935546875 2952.32666015625 -2188.7452011108398
2887.71875 2634.3837890625 -1794.8018417358398
2301.15087890625 3497.37158203125 -2101.2022323608398
2436.5126953125 4360.359375 -1707.2588729858398
1895.0654296875 5087.0859375 -1707.2588729858398
2616.9951171875 5632.130859375 -1619.7159042358398
2256.0302734375 -5359.6083984375 -1444.6299667358398
1985.306640625 5632.130859375 -1532.1729354858398
1895.0654296875 -5813.8125 -1532.1729354858398
1714.5830078125 5541.2900390625 -1532.1729354858398
1534.1005859375 -5813.8125 -1707.2588729858398
992.6533203125 -5359.6083984375 -1969.8877792358398
-90.417463302612305 -5223.34716796875 -2451.3741073608398
90.2412109375 -5177.9267578125 -3020.4034042358398
-631.8647289276123 -4769.14306640625 -2363.8311386108398
90.2412109375 -4360.359375 -2845.3174667358398
-0.17625236511230469 -3769.89404296875 -2276.2881698608398
-316.0204906463623 -3088.587890625 -2495.1455917358398
-180.6586742401123 -2861.48583984375 -3239.2608261108398
-406.2617015838623 -2180.1796875 -3195.4893417358398
0.0 -1816.81640625 -3107.9463729858398
1128.01513671875 -772.14697265625 -2976.6319198608398
631.6884765625 -545.044921875 -3370.5752792358398
1082.89453125 -181.681640625 -3283.0323104858398
586.56787109375 408.96111488342285 -3764.5186386108398
902.412109375 181.85906410217285 -3983.3760604858398
45.12060546875 45.597833633422852 -4114.6905136108398
-45.296857833862305 0.17742347717285156 -4333.5479354858398
-406.2617015838623 -726.7265625 -4508.6338729858398
-1083.0707836151123 -1135.51025390625 -4027.1475448608398
-1714.7592601776123 -2316.44091796875 -3939.6045761108398
-1895.2416820526123 -3588.21240234375 -4289.7764511108398
-2301.3271312713623 -3633.6328125 -3983.3760604858398
-2256.2065258026123 -5223.34716796875 -3939.6045761108398
-1759.8798656463623 5450.44921875 -4070.9190292358398
-1624.5180492401123 3860.73486328125 -3764.5186386108398
-1759.8798656463623 2725.224609375 -4070.9190292358398
-90.417463302612305 681.30615234375 -3852.0616073608398
947.53271484375 317.94287109375 -3589.4327011108398
1759.70361328125 590.46533203125 -3414.3467636108398
3654.76904296875 -181.85906410217285 -2714.0030136108398
4737.66357421875 227.10205078125 -2276.2881698608398
5188.86962890625 -91.018243789672852 -1926.1162948608398
-5504.7138671875 181.681640625 -2057.4307479858398
-5098.62841796875 408.78369140625 -1926.1162948608398
-4512.060546875 1090.08984375 -1707.2588729858398
-4151.095703125 1544.2939453125 -1444.6299667358398
-4060.8544921875 3179.4287109375 -1094.4580917358398
-3654.76904296875 4224.09814453125 -1050.6866073608398
-3790.130859375 5722.9716796875 -1006.9151229858398
-3609.6484375 -3361.1103515625 -1794.8018417358398
-3790.130859375 -2361.861328125 -2057.4307479858398
-4286.45751953125 -136.26123046875 -2801.5459823608398
-4151.095703125 1453.6305484771729 -3633.2041854858398
-4692.54296875 2634.5612125396729 -4683.7198104858398
-4827.90478515625 4224.2755680084229 5164.8641738891602
-5188.86962890625 4315.1163883209229 4026.8055801391602
-5459.59326171875 5677.7286930084229 1838.2313613891602
-5549.83447265625 5677.7286930084229 787.71573638916016
-4557.18115234375 5496.0470523834229 -175.42790222167969
-3880.3720703125 5541.4674625396729 -1619.8868865966797
-3564.52783203125 -5768.2146663665771 -2626.6310272216797
-3699.8896484375 5359.7858219146729 -4508.8048553466797
-3519.4072265625 4814.7409000396729 -5471.7775115966797
-3203.56298828125 4405.9572086334229 4551.8924102783203
-3113.32177734375 2861.6632633209229 3238.7478790283203
-3248.68359375 1907.8346500396729 2232.0037384033203
-3384.04541015625 1044.8468570709229 1225.2595977783203
-2932.83935546875 136.43865394592285 787.54475402832031
-3113.32177734375 -953.82861328125 700.00178527832031
-3113.32177734375 -2952.32666015625 -875.94263458251953
-3248.68359375 -3815.314453125 -481.99927520751953
-3338.9248046875 -5177.9267578125 -919.71411895751953
-3023.08056640625 -4950.82470703125 -613.31372833251953
-3068.201171875 -4451.2001953125 -569.54224395751953
-3068.201171875 -2180.1796875 -394.45630645751953
-3023.08056640625 -499.62451171875 262.28694152832031
-2842.59814453125 2770.8224430084229 2888.5760040283203
-2797.4775390625 4269.6959781646729 4945.8357696533203
-2301.15087890625 5132.6837711334229 -2714.1739959716797
-2887.71875 5087.2633609771729 -131.65641784667969
-3429.166015625 4178.8551578521729 3632.8622207641602
-3384.04541015625 2861.6632633209229 -4639.9483261108398
-3338.9248046875 1181.1080875396729 -3808.2901229858398
-3564.52783203125 -2316.44091796875 -2013.6592636108398
-3654.76904296875 -3769.89404296875 -1575.9444198608398
-3429.166015625 5722.9716796875 -831.82918548583984
-3203.56298828125 3769.89404296875 -1225.7725448608398
-3338.9248046875 3451.951171875 -1357.0869979858398
-3158.4423828125 2089.3388671875 -1707.2588729858398
-2707.236328125 1725.9755859375 -1882.3448104858398
-2797.4775390625 726.7265625 -2320.0596542358398
-2526.75390625 -318.12029457092285 -2845.3174667358398
-2436.5126953125 -318.12029457092285 -3283.0323104858398
-2436.5126953125 -499.80193519592285 -2932.8604354858398
-2075.5478515625 -45.597833633422852 -2670.2315292358398
-2301.15087890625 590.46533203125 -2714.0030136108398
-2210.90966796875 953.82861328125 -2451.3741073608398
-1759.70361328125 862.98779296875 -2451.3741073608398
-2571.87451171875 1771.39599609375 -1926.1162948608398
-2526.75390625 1816.81640625 -1794.8018417358398
-3158.4423828125 2180.1796875 -1619.7159042358398
-4512.060546875 1725.9755859375 -1532.1729354858398
-5143.7490234375 1816.81640625 -1444.6299667358398
5459.59326171875 1953.07763671875 -1313.3155136108398
4241.3369140625 2906.90625 -1444.6299667358398
3970.61328125 2452.7021484375 -1357.0869979858398
3023.08056640625 3769.89404296875 -1575.9444198608398
2797.4775390625 4360.359375 -1794.8018417358398
2346.271484375 4905.404296875 -1532.1729354858398
1488.97998046875 5677.55126953125 -1575.9444198608398
1173.1357421875 -5450.44921875 -1707.2588729858398
-722.1059398651123 -4950.82470703125 -2889.0889511108398
-541.6235179901123 -3860.73486328125 -2889.0889511108398
-767.2265453338623 -3270.26953125 -3283.0323104858398
-541.6235179901123 -1862.23681640625 -3589.4327011108398
-180.6586742401123 -1135.51025390625 -3501.8897323608398
225.60302734375 -227.10205078125 -4114.6905136108398
631.6884765625 -90.8408203125 -3808.2901229858398
406.08544921875 318.12029457092285 -3501.8897323608398
947.53271484375 681.48357582092285 -4114.6905136108398
360.96484375 636.06316566467285 -3895.8330917358398
586.56787109375 681.48357582092285 -4552.4053573608398
767.05029296875 681.48357582092285 -4639.9483261108398
947.53271484375 1317.3693180084229 -4639.9483261108398
1263.376953125 999.42644691467285 -4246.0049667358398
1398.73876953125 1408.2101383209229 -4727.4912948608398
947.53271484375 863.16521644592285 -4552.4053573608398
135.36181640625 499.80193519592285 -4289.7764511108398
