x_axis y_axis z_axis
1444.0356273651123 -2271.0205078125 -3720.7471542358398
1444.0356273651123 -2271.0205078125 -3283.0323104858398
1444.0356273651123 -2271.0205078125 -3283.0323104858398
1444.0356273651123 -2271.0205078125 -3283.0323104858398
1444.0356273651123 -2271.0205078125 -3283.0323104858398
1444.0356273651123 -2271.0205078125 -3283.0323104858398
1444.0356273651123 -2271.0205078125 -3283.0323104858398
1444.0356273651123 -2271.0205078125 -3283.0323104858398
1444.0356273651123 -2271.0205078125 -3283.0323104858398
1444.0356273651123 -2271.0205078125 -3283.0323104858398
1444.0356273651123 -2271.0205078125 -3283.0323104858398
1444.0356273651123 -2271.0205078125 -3283.0323104858398
1444.0356273651123 -2271.0205078125 -3283.0323104858398
1444.0356273651123 -2271.0205078125 -3283.0323104858398
1444.0356273651123 -2271.0205078125 -3283.0323104858398
1444.0356273651123 -2271.0205078125 -3283.0323104858398
1444.0356273651123 -2271.0205078125 -3283.0323104858398
1444.0356273651123 -2271.0205078125 -3283.0323104858398
1444.0356273651123 -2271.0205078125 -3283.0323104858398
1444.0356273651123 -2271.0205078125 -3283.0323104858398
1444.0356273651123 -2271.0205078125 -3283.0323104858398
1444.0356273651123 -2271.0205078125 -3283.0323104858398
1444.0356273651123 -2271.0205078125 -3283.0323104858398
1444.0356273651123 -2271.0205078125 -3283.0323104858398
1444.0356273651123 -2271.0205078125 -3283.0323104858398
1444.0356273651123 -2271.0205078125 -3283.0323104858398
1444.0356273651123 -2271.0205078125 -3283.0323104858398
1444.0356273651123 -2271.0205078125 -3283.0323104858398
1444.0356273651123 -2271.0205078125 -3283.0323104858398
1444.0356273651123 -2271.0205078125 -3283.0323104858398
1444.0356273651123 -2271.0205078125 -3283.0323104858398
1444.0356273651123 -2271.0205078125 -3283.0323104858398
1444.0356273651123 -2271.0205078125 -3283.0323104858398
1444.0356273651123 -2271.0205078125 -3283.0323104858398
1444.0356273651123 -2271.0205078125 -3283.0323104858398
1444.0356273651123 -2271.0205078125 -3283.0323104858398
1444.0356273651123 -2271.0205078125 -3283.0323104858398
1444.0356273651123 -2271.0205078125 -3283.0323104858398
1444.0356273651123 -2271.0205078125 -3283.0323104858398
-1308.6738109588623 -5268.767578125 -2670.2315292358398
-1308.6738109588623 -5268.767578125 -2670.2315292358398
-1308.6738109588623 -5268.767578125 -2670.2315292358398
-1308.6738109588623 -5268.767578125 -2670.2315292358398
-1669.6386547088623 5541.2900390625 -2670.2315292358398
-1669.6386547088623 5541.2900390625 -2670.2315292358398
-1669.6386547088623 5541.2900390625 -2670.2315292358398
-1669.6386547088623 5541.2900390625 -2670.2315292358398
-1669.6386547088623 5541.2900390625 -2670.2315292358398
406.08544921875 1953.07763671875 -2538.9170761108398
406.08544921875 1953.07763671875 -2538.9170761108398
406.08544921875 1953.07763671875 -2538.9170761108398
2932.83935546875 136.26123046875 -2276.2881698608398
2932.83935546875 136.26123046875 -2276.2881698608398
-5279.11083984375 -454.38152503967285 -1400.8584823608398
-5279.11083984375 -454.38152503967285 -1400.8584823608398
-2301.15087890625 -0.17742347717285156 -1751.0303573608398
-2301.15087890625 -0.17742347717285156 -1751.0303573608398
-2301.15087890625 -0.17742347717285156 -1751.0303573608398
-45.12060546875 1953.07763671875 -2101.2022323608398
-45.12060546875 1953.07763671875 -2101.2022323608398
1579.3974437713623 4678.30224609375 -2801.5459823608398
1579.3974437713623 4678.30224609375 -2801.5459823608398
1579.3974437713623 4678.30224609375 -2801.5459823608398
2211.0859203338623 -3860.73486328125 -3151.7178573608398
2211.0859203338623 -3860.73486328125 -3151.7178573608398
1218.4326000213623 -1044.66943359375 -3852.0616073608398
1218.4326000213623 -1044.66943359375 -3852.0616073608398
-541.447265625 1271.9489078521729 -4333.5479354858398
-541.447265625 1271.9489078521729 -4333.5479354858398
-541.447265625 1271.9489078521729 -4333.5479354858398
-3023.08056640625 3134.1857242584229 -4202.2334823608398
-3023.08056640625 3134.1857242584229 -4202.2334823608398
-5549.83447265625 2952.5040836334229 -3501.8897323608398
-5549.83447265625 2952.5040836334229 -3501.8897323608398
-5549.83447265625 2952.5040836334229 -3501.8897323608398
-5549.83447265625 2952.5040836334229 -3501.8897323608398
-5549.83447265625 2952.5040836334229 -3501.8897323608398
-5549.83447265625 2952.5040836334229 -3501.8897323608398
-5549.83447265625 2952.5040836334229 -3501.8897323608398
-5549.83447265625 2952.5040836334229 -3501.8897323608398
-5549.83447265625 2952.5040836334229 -3501.8897323608398
-5549.83447265625 2952.5040836334229 -3501.8897323608398
-5549.83447265625 2952.5040836334229 -3501.8897323608398
-5549.83447265625 2952.5040836334229 -3501.8897323608398
-5549.83447265625 2952.5040836334229 -3501.8897323608398
-5549.83447265625 2952.5040836334229 -3501.8897323608398
270.7236328125 -2180.1796875 -1619.7159042358398
270.7236328125 -2180.1796875 -1619.7159042358398
270.7236328125 -2180.1796875 -1619.7159042358398
1173.1357421875 636.06316566467285 -2582.6885604858398
1173.1357421875 636.06316566467285 -2582.6885604858398
2707.236328125 1726.1530094146729 -3545.6612167358398
2707.236328125 1726.1530094146729 -3545.6612167358398
2707.236328125 1726.1530094146729 -3545.6612167358398
5324.2314453125 2634.5612125396729 -3458.1182479858398
5324.2314453125 2634.5612125396729 -3458.1182479858398
5324.2314453125 2634.5612125396729 -3458.1182479858398
5324.2314453125 2634.5612125396729 -3458.1182479858398
5324.2314453125 2634.5612125396729 -3458.1182479858398
5324.2314453125 2634.5612125396729 -3458.1182479858398
5324.2314453125 2634.5612125396729 -3458.1182479858398
5324.2314453125 2634.5612125396729 -3458.1182479858398
5324.2314453125 2634.5612125396729 -3458.1182479858398
812.3471508026123 -1816.81640625 -3020.4034042358398
812.3471508026123 -1816.81640625 -3020.4034042358398
812.3471508026123 -1816.81640625 -3020.4034042358398
1895.2416820526123 -4451.2001953125 -2232.5166854858398
1895.2416820526123 -4451.2001953125 -2232.5166854858398
1353.7944164276123 4814.5634765625 -2582.6885604858398
1353.7944164276123 4814.5634765625 -2582.6885604858398
-225.60302734375 2588.96337890625 -1838.5733261108398
-225.60302734375 2588.96337890625 -1838.5733261108398
-225.60302734375 2588.96337890625 -1838.5733261108398
-225.60302734375 2588.96337890625 -1838.5733261108398
-225.60302734375 2588.96337890625 -1838.5733261108398
-225.60302734375 2588.96337890625 -1838.5733261108398
-225.60302734375 2588.96337890625 -1838.5733261108398
-225.60302734375 2588.96337890625 -1838.5733261108398
-225.60302734375 2588.96337890625 -1838.5733261108398
-225.60302734375 2588.96337890625 -1838.5733261108398
-225.60302734375 2588.96337890625 -1838.5733261108398
-225.60302734375 2588.96337890625 -1838.5733261108398
-90.417463302612305 3406.53076171875 -2188.7452011108398
-90.417463302612305 3406.53076171875 -2188.7452011108398
-90.417463302612305 3406.53076171875 -2188.7452011108398
-1173.3119945526123 5314.18798828125 -2188.7452011108398
-1173.3119945526123 5314.18798828125 -2188.7452011108398
-1669.6386547088623 -5722.9716796875 -2495.1455917358398
-1669.6386547088623 -5722.9716796875 -2495.1455917358398
-1669.6386547088623 -5722.9716796875 -2495.1455917358398
-1669.6386547088623 -5722.9716796875 -2495.1455917358398
-1669.6386547088623 -5722.9716796875 -2495.1455917358398
-1669.6386547088623 -5722.9716796875 -2495.1455917358398
-1669.6386547088623 -5722.9716796875 -2495.1455917358398
-1669.6386547088623 -5722.9716796875 -2495.1455917358398
-1669.6386547088623 -5722.9716796875 -2495.1455917358398
-1669.6386547088623 -5722.9716796875 -2495.1455917358398
-1669.6386547088623 -5722.9716796875 -2495.1455917358398
-1669.6386547088623 -5722.9716796875 -2495.1455917358398
-1669.6386547088623 -5722.9716796875 -2495.1455917358398
-1669.6386547088623 -5722.9716796875 -2495.1455917358398
-1669.6386547088623 -5722.9716796875 -2495.1455917358398
-1669.6386547088623 -5722.9716796875 -2495.1455917358398
-1669.6386547088623 -5722.9716796875 -2495.1455917358398
2211.0859203338623 -5405.02880859375 -2976.6319198608398
2211.0859203338623 -5405.02880859375 -2976.6319198608398
1218.4326000213623 -1862.23681640625 -3239.2608261108398
1218.4326000213623 -1862.23681640625 -3239.2608261108398
1218.4326000213623 -1862.23681640625 -3239.2608261108398
0.17625236511230469 817.74480628967285 -4246.0049667358398
0.17625236511230469 817.74480628967285 -4246.0049667358398
0.17625236511230469 817.74480628967285 -4246.0049667358398
0.17625236511230469 817.74480628967285 -4246.0049667358398
0.17625236511230469 817.74480628967285 -4246.0049667358398
0.17625236511230469 817.74480628967285 -4246.0049667358398
0.17625236511230469 817.74480628967285 -4246.0049667358398
0.17625236511230469 817.74480628967285 -4246.0049667358398
0.17625236511230469 817.74480628967285 -4246.0049667358398
0.17625236511230469 817.74480628967285 -4246.0049667358398
0.17625236511230469 817.74480628967285 -4246.0049667358398
0.17625236511230469 817.74480628967285 -4246.0049667358398
0.17625236511230469 817.74480628967285 -4246.0049667358398
0.17625236511230469 817.74480628967285 -4246.0049667358398
4421.8193359375 1998.6754703521729 -3195.4893417358398
4421.8193359375 1998.6754703521729 -3195.4893417358398
-5369.35205078125 2044.0958805084229 -3414.3467636108398
-5369.35205078125 2044.0958805084229 -3414.3467636108398
-5369.35205078125 2044.0958805084229 -3414.3467636108398
-3293.80419921875 2044.0958805084229 -3326.8037948608398
-3293.80419921875 2044.0958805084229 -3326.8037948608398
-586.56787109375 772.32439613342285 -3852.0616073608398
-586.56787109375 772.32439613342285 -3852.0616073608398
-586.56787109375 772.32439613342285 -3852.0616073608398
-586.56787109375 772.32439613342285 -3852.0616073608398
-586.56787109375 772.32439613342285 -3852.0616073608398
-586.56787109375 772.32439613342285 -3852.0616073608398
-586.56787109375 772.32439613342285 -3852.0616073608398
-586.56787109375 772.32439613342285 -3852.0616073608398
-586.56787109375 772.32439613342285 -3852.0616073608398
-586.56787109375 772.32439613342285 -3852.0616073608398
-586.56787109375 772.32439613342285 -3852.0616073608398
-586.56787109375 772.32439613342285 -3852.0616073608398
-586.56787109375 772.32439613342285 -3852.0616073608398
-586.56787109375 772.32439613342285 -3852.0616073608398
-586.56787109375 772.32439613342285 -3852.0616073608398
2526.9301586151123 -2952.5040836334229 919.03018951416016
2526.9301586151123 -2952.5040836334229 919.03018951416016
1759.8798656463623 -3361.2877750396729 -3677.1466522216797
1759.8798656463623 -3361.2877750396729 -3677.1466522216797
225.7792797088623 -636.06316566467285 2275.7752227783203
225.7792797088623 -636.06316566467285 2275.7752227783203
225.7792797088623 -636.06316566467285 2275.7752227783203
225.7792797088623 -636.06316566467285 2275.7752227783203
225.7792797088623 -636.06316566467285 2275.7752227783203
225.7792797088623 -636.06316566467285 2275.7752227783203
225.7792797088623 -636.06316566467285 2275.7752227783203
225.7792797088623 -636.06316566467285 2275.7752227783203
225.7792797088623 -636.06316566467285 2275.7752227783203
225.7792797088623 -636.06316566467285 2275.7752227783203
225.7792797088623 -636.06316566467285 2275.7752227783203
225.7792797088623 -636.06316566467285 2275.7752227783203
225.7792797088623 -636.06316566467285 2275.7752227783203
225.7792797088623 -636.06316566467285 2275.7752227783203
225.7792797088623 -636.06316566467285 2275.7752227783203
225.7792797088623 -636.06316566467285 2275.7752227783203
225.7792797088623 -636.06316566467285 2275.7752227783203
2617.1713695526123 726.7265625 -5208.9776229858398
2617.1713695526123 726.7265625 -5208.9776229858398
2617.1713695526123 726.7265625 -5208.9776229858398
1759.8798656463623 3860.73486328125 -2451.3741073608398
1759.8798656463623 3860.73486328125 -2451.3741073608398
1759.8798656463623 3860.73486328125 -2451.3741073608398
1759.8798656463623 3860.73486328125 -2451.3741073608398
1759.8798656463623 3860.73486328125 -2451.3741073608398
1759.8798656463623 3860.73486328125 -2451.3741073608398
1759.8798656463623 3860.73486328125 -2451.3741073608398
1759.8798656463623 3860.73486328125 -2451.3741073608398
1759.8798656463623 3860.73486328125 -2451.3741073608398
1759.8798656463623 3860.73486328125 -2451.3741073608398
1759.8798656463623 3860.73486328125 -2451.3741073608398
1759.8798656463623 3860.73486328125 -2451.3741073608398
90.417463302612305 4542.2184391021729 -1269.7150115966797
90.417463302612305 4542.2184391021729 -1269.7150115966797
451.3823070526123 4360.5367984771729 -2582.8595428466797
451.3823070526123 4360.5367984771729 -2582.8595428466797
451.3823070526123 4360.5367984771729 -2582.8595428466797
451.3823070526123 4360.5367984771729 -2582.8595428466797
451.3823070526123 4360.5367984771729 -2582.8595428466797
451.3823070526123 4360.5367984771729 -2582.8595428466797
451.3823070526123 4360.5367984771729 -2582.8595428466797
451.3823070526123 4360.5367984771729 -2582.8595428466797
451.3823070526123 4360.5367984771729 -2582.8595428466797
451.3823070526123 4360.5367984771729 -2582.8595428466797
1534.2768383026123 2452.8795719146729 5208.4646759033203
1534.2768383026123 2452.8795719146729 5208.4646759033203
1759.8798656463623 3315.8673648834229 -3239.4318084716797
1759.8798656463623 3315.8673648834229 -3239.4318084716797
1759.8798656463623 3406.7081851959229 1137.8876113891602
1759.8798656463623 3406.7081851959229 1137.8876113891602
1759.8798656463623 3406.7081851959229 1137.8876113891602
1759.8798656463623 1680.7325992584229 4114.3485488891602
1759.8798656463623 1680.7325992584229 4114.3485488891602
1624.5180492401123 -363.36328125 -4158.4619979858398
1624.5180492401123 -363.36328125 -4158.4619979858398
1624.5180492401123 -363.36328125 -4158.4619979858398
1624.5180492401123 -363.36328125 -4158.4619979858398
1624.5180492401123 -363.36328125 -4158.4619979858398
1624.5180492401123 -363.36328125 -4158.4619979858398
1624.5180492401123 -363.36328125 -4158.4619979858398
1624.5180492401123 -363.36328125 -4158.4619979858398
1624.5180492401123 -363.36328125 -4158.4619979858398
1624.5180492401123 -363.36328125 -4158.4619979858398
1624.5180492401123 -363.36328125 -4158.4619979858398
1624.5180492401123 -363.36328125 -4158.4619979858398
1624.5180492401123 -363.36328125 -4158.4619979858398
1624.5180492401123 -363.36328125 -4158.4619979858398
1624.5180492401123 -363.36328125 -4158.4619979858398
1624.5180492401123 -363.36328125 -4158.4619979858398
1624.5180492401123 -363.36328125 -4158.4619979858398
361.1410961151123 726.7265625 1969.3748321533203
361.1410961151123 726.7265625 1969.3748321533203
-631.6884765625 4269.5185546875 -306.91333770751953
-631.6884765625 4269.5185546875 -306.91333770751953
-631.6884765625 4269.5185546875 -306.91333770751953
-631.6884765625 4269.5185546875 -306.91333770751953
-631.6884765625 4269.5185546875 -306.91333770751953
-631.6884765625 4269.5185546875 -306.91333770751953
-631.6884765625 4269.5185546875 -306.91333770751953
-631.6884765625 4269.5185546875 -306.91333770751953
-1985.306640625 -2452.7021484375 -657.08521270751953
-1985.306640625 -2452.7021484375 -657.08521270751953
-1985.306640625 -2452.7021484375 -657.08521270751953
-1985.306640625 -2452.7021484375 -657.08521270751953
1985.4828929901123 -318.12029457092285 4420.5779571533203
1985.4828929901123 -318.12029457092285 4420.5779571533203
1985.4828929901123 -318.12029457092285 4420.5779571533203
3158.6186351776123 -1953.2550601959229 1006.5731582641602
3158.6186351776123 -1953.2550601959229 1006.5731582641602
3203.7392406463623 2952.32666015625 -4552.4053573608398
3203.7392406463623 2952.32666015625 -4552.4053573608398
1624.5180492401123 -2634.3837890625 -3458.1182479858398
1624.5180492401123 -2634.3837890625 -3458.1182479858398
1624.5180492401123 -2634.3837890625 -3458.1182479858398
0.17625236511230469 2907.0836734771729 5033.5497207641602
0.17625236511230469 2907.0836734771729 5033.5497207641602
-857.29150390625 5041.8429508209229 1488.0594863891602
-857.29150390625 5041.8429508209229 1488.0594863891602
-857.29150390625 5041.8429508209229 1488.0594863891602
-767.05029296875 4769.3204898834229 -3414.5177459716797
-767.05029296875 4769.3204898834229 -3414.5177459716797
-767.05029296875 3406.7081851959229 4114.1775665283203
-767.05029296875 3406.7081851959229 4114.1775665283203
-767.05029296875 3406.7081851959229 4114.1775665283203
-767.05029296875 3406.7081851959229 4114.1775665283203
-767.05029296875 3406.7081851959229 4114.1775665283203
-767.05029296875 3406.7081851959229 4114.1775665283203
-767.05029296875 3406.7081851959229 4114.1775665283203
-767.05029296875 3406.7081851959229 4114.1775665283203
-767.05029296875 3406.7081851959229 4114.1775665283203
-767.05029296875 3406.7081851959229 4114.1775665283203
-767.05029296875 3406.7081851959229 4114.1775665283203
-767.05029296875 3406.7081851959229 4114.1775665283203
-767.05029296875 3406.7081851959229 4114.1775665283203
-767.05029296875 3406.7081851959229 4114.1775665283203
-767.05029296875 3406.7081851959229 4114.1775665283203
-767.05029296875 3406.7081851959229 4114.1775665283203
-767.05029296875 3406.7081851959229 4114.1775665283203
-767.05029296875 3406.7081851959229 4114.1775665283203
-767.05029296875 3406.7081851959229 4114.1775665283203
-767.05029296875 3406.7081851959229 4114.1775665283203
-767.05029296875 3406.7081851959229 4114.1775665283203
-767.05029296875 3406.7081851959229 4114.1775665283203
1489.1562328338623 954.00603675842285 5515.0360488891602
1489.1562328338623 954.00603675842285 5515.0360488891602
1940.3622875213623 -1589.71435546875 -4114.6905136108398
1940.3622875213623 -1589.71435546875 -4114.6905136108398
2120.8447093963623 -3406.53076171875 -3326.8037948608398
2120.8447093963623 -3406.53076171875 -3326.8037948608398
2120.8447093963623 -3406.53076171875 -3326.8037948608398
857.4677562713623 -3406.53076171875 -2276.2881698608398
857.4677562713623 -3406.53076171875 -2276.2881698608398
857.4677562713623 -3406.53076171875 -2276.2881698608398
857.4677562713623 -3406.53076171875 -2276.2881698608398
857.4677562713623 -3406.53076171875 -2276.2881698608398
857.4677562713623 -3406.53076171875 -2276.2881698608398
857.4677562713623 -3406.53076171875 -2276.2881698608398
857.4677562713623 -3406.53076171875 -2276.2881698608398
857.4677562713623 -3406.53076171875 -2276.2881698608398
857.4677562713623 -3406.53076171875 -2276.2881698608398
857.4677562713623 -3406.53076171875 -2276.2881698608398
857.4677562713623 -3406.53076171875 -2276.2881698608398
857.4677562713623 -3406.53076171875 -2276.2881698608398
857.4677562713623 -3406.53076171875 -2276.2881698608398
857.4677562713623 -3406.53076171875 -2276.2881698608398
857.4677562713623 -3406.53076171875 -2276.2881698608398
857.4677562713623 -3406.53076171875 -2276.2881698608398
857.4677562713623 -3406.53076171875 -2276.2881698608398
857.4677562713623 -3406.53076171875 -2276.2881698608398
-4196.3925609588623 1635.134765625 5296.0076446533203
-4196.3925609588623 1635.134765625 5296.0076446533203
-3609.8246898651123 1408.03271484375 4201.7205352783203
-3609.8246898651123 1408.03271484375 4201.7205352783203
-3609.8246898651123 1408.03271484375 4201.7205352783203
-2752.5331859588623 999.2490234375 2757.2615509033203
-2752.5331859588623 999.2490234375 2757.2615509033203
-1669.6386547088623 1725.9755859375 1444.1170196533203
-1669.6386547088623 1725.9755859375 1444.1170196533203
-1669.6386547088623 1725.9755859375 1444.1170196533203
-2165.9653148651123 1953.07763671875 1925.6033477783203
-2165.9653148651123 1953.07763671875 1925.6033477783203
-3970.7895336151123 1862.23681640625 3939.0916290283203
-3970.7895336151123 1862.23681640625 3939.0916290283203
-4602.4780101776123 2225.60009765625 -5515.5489959716797
-4602.4780101776123 2225.60009765625 -5515.5489959716797
-4602.4780101776123 2225.60009765625 -5515.5489959716797
-4602.4780101776123 2225.60009765625 -5515.5489959716797
-4602.4780101776123 2225.60009765625 -5515.5489959716797
-4602.4780101776123 2225.60009765625 -5515.5489959716797
-4602.4780101776123 2225.60009765625 -5515.5489959716797
-4602.4780101776123 2225.60009765625 -5515.5489959716797
-4602.4780101776123 2225.60009765625 -5515.5489959716797
-4602.4780101776123 2225.60009765625 -5515.5489959716797
-4602.4780101776123 2225.60009765625 -5515.5489959716797
-4602.4780101776123 2225.60009765625 -5515.5489959716797
-4602.4780101776123 2225.60009765625 -5515.5489959716797
-4602.4780101776123 2225.60009765625 -5515.5489959716797
-4602.4780101776123 2225.60009765625 -5515.5489959716797
-4602.4780101776123 2225.60009765625 -5515.5489959716797
-4602.4780101776123 2225.60009765625 -5515.5489959716797
-4602.4780101776123 2225.60009765625 -5515.5489959716797
-4602.4780101776123 2225.60009765625 -5515.5489959716797
-4602.4780101776123 2225.60009765625 -5515.5489959716797
-4602.4780101776123 2225.60009765625 -5515.5489959716797
-4602.4780101776123 2225.60009765625 -5515.5489959716797
5324.4076976776123 -3088.587890625 393.77237701416016
5324.4076976776123 -3088.587890625 393.77237701416016
-5730.1406421661377 -4133.25732421875 -3677.1466522216797
-5730.1406421661377 -4133.25732421875 -3677.1466522216797
-5730.1406421661377 -4133.25732421875 -3677.1466522216797
3835.4277172088623 5041.66552734375 4026.6345977783203
3835.4277172088623 5041.66552734375 4026.6345977783203
1398.9150218963623 4496.62060546875 1137.7166290283203
1398.9150218963623 4496.62060546875 1137.7166290283203
-3023.08056640625 4042.41650390625 -875.94263458251953
-3023.08056640625 4042.41650390625 -875.94263458251953
-3023.08056640625 4042.41650390625 -875.94263458251953
5233.990234375 3088.587890625 -1094.8000564575195
5233.990234375 3088.587890625 -1094.8000564575195
1804.82421875 3270.26953125 -394.45630645751953
1804.82421875 3270.26953125 -394.45630645751953
1804.82421875 3270.26953125 -394.45630645751953
-1218.4326000213623 2906.90625 743.77326965332031
-1218.4326000213623 2906.90625 743.77326965332031
-1218.4326000213623 2906.90625 743.77326965332031
-1218.4326000213623 2906.90625 743.77326965332031
-1218.4326000213623 2906.90625 743.77326965332031
-1218.4326000213623 2906.90625 743.77326965332031
-1218.4326000213623 2906.90625 743.77326965332031
-1218.4326000213623 2906.90625 743.77326965332031
-1218.4326000213623 2906.90625 743.77326965332031
-1218.4326000213623 2906.90625 743.77326965332031
-1218.4326000213623 2906.90625 743.77326965332031
-1218.4326000213623 2906.90625 743.77326965332031
-1218.4326000213623 2906.90625 743.77326965332031
-1218.4326000213623 2906.90625 743.77326965332031
-1218.4326000213623 2906.90625 743.77326965332031
-1218.4326000213623 2906.90625 743.77326965332031
-1218.4326000213623 2906.90625 743.77326965332031
-1218.4326000213623 2906.90625 743.77326965332031
-1218.4326000213623 2906.90625 743.77326965332031
-1218.4326000213623 2906.90625 743.77326965332031
-1218.4326000213623 2906.90625 743.77326965332031
-1218.4326000213623 2906.90625 743.77326965332031
-1218.4326000213623 2906.90625 743.77326965332031
-1218.4326000213623 2906.90625 743.77326965332031
-1218.4326000213623 2906.90625 743.77326965332031
-1218.4326000213623 2906.90625 743.77326965332031
-1218.4326000213623 2906.90625 743.77326965332031
-1218.4326000213623 2906.90625 743.77326965332031
-1218.4326000213623 2906.90625 743.77326965332031
-1218.4326000213623 2906.90625 743.77326965332031
-1218.4326000213623 2906.90625 743.77326965332031
-1218.4326000213623 2906.90625 743.77326965332031
-1218.4326000213623 2906.90625 743.77326965332031
-1218.4326000213623 2906.90625 743.77326965332031
-1218.4326000213623 2906.90625 743.77326965332031
-1218.4326000213623 2906.90625 743.77326965332031
-1218.4326000213623 2906.90625 743.77326965332031
-1218.4326000213623 2906.90625 743.77326965332031
-1218.4326000213623 2906.90625 743.77326965332031
-1218.4326000213623 2906.90625 743.77326965332031
-1218.4326000213623 2906.90625 743.77326965332031
-1218.4326000213623 2906.90625 743.77326965332031
-1218.4326000213623 2906.90625 743.77326965332031
-1218.4326000213623 2906.90625 743.77326965332031
-1218.4326000213623 2906.90625 743.77326965332031
-1218.4326000213623 2906.90625 743.77326965332031
-1218.4326000213623 2906.90625 743.77326965332031
-1218.4326000213623 2906.90625 743.77326965332031
-1218.4326000213623 2906.90625 743.77326965332031
-1218.4326000213623 2906.90625 743.77326965332031
-1218.4326000213623 2906.90625 743.77326965332031
-1218.4326000213623 2906.90625 743.77326965332031
-1218.4326000213623 2906.90625 743.77326965332031
-1218.4326000213623 2906.90625 743.77326965332031
-1218.4326000213623 2906.90625 743.77326965332031
-1218.4326000213623 2906.90625 743.77326965332031
-1218.4326000213623 2906.90625 743.77326965332031
-1218.4326000213623 2906.90625 743.77326965332031
-1218.4326000213623 2906.90625 743.77326965332031
-1218.4326000213623 2906.90625 743.77326965332031
-1218.4326000213623 2906.90625 743.77326965332031
-1218.4326000213623 2906.90625 743.77326965332031
-1218.4326000213623 2906.90625 743.77326965332031
-1218.4326000213623 2906.90625 743.77326965332031
-1218.4326000213623 2906.90625 743.77326965332031
-1218.4326000213623 2906.90625 743.77326965332031
-1218.4326000213623 2906.90625 743.77326965332031
-1218.4326000213623 2906.90625 743.77326965332031
-1218.4326000213623 2906.90625 743.77326965332031
-1218.4326000213623 2906.90625 743.77326965332031
-1218.4326000213623 2906.90625 743.77326965332031
-1218.4326000213623 2906.90625 743.77326965332031
-1218.4326000213623 2906.90625 743.77326965332031
-1218.4326000213623 2906.90625 743.77326965332031
-5278.9345874786377 -4678.30224609375 -2101.3732147216797
-5278.9345874786377 -4678.30224609375 -2101.3732147216797
4828.0810375213623 -5041.66552734375 5252.2361602783203
4828.0810375213623 -5041.66552734375 5252.2361602783203
4828.0810375213623 -5041.66552734375 5252.2361602783203
1669.6386547088623 5495.86962890625 875.08772277832031
1669.6386547088623 5495.86962890625 875.08772277832031
-2842.59814453125 4496.62060546875 -875.94263458251953
-2842.59814453125 4496.62060546875 -875.94263458251953
-2842.59814453125 4496.62060546875 -875.94263458251953
5459.59326171875 4405.77978515625 -1488.7434158325195
5459.59326171875 4405.77978515625 -1488.7434158325195
5459.59326171875 4405.77978515625 -1488.7434158325195
5459.59326171875 4405.77978515625 -1488.7434158325195
5459.59326171875 4405.77978515625 -1488.7434158325195
5459.59326171875 4405.77978515625 -1488.7434158325195
5459.59326171875 4405.77978515625 -1488.7434158325195
5459.59326171875 4405.77978515625 -1488.7434158325195
5459.59326171875 4405.77978515625 -1488.7434158325195
5459.59326171875 4405.77978515625 -1488.7434158325195
5459.59326171875 4405.77978515625 -1488.7434158325195
5459.59326171875 4405.77978515625 -1488.7434158325195
5459.59326171875 4405.77978515625 -1488.7434158325195
5459.59326171875 4405.77978515625 -1488.7434158325195
5459.59326171875 4405.77978515625 -1488.7434158325195
5459.59326171875 4405.77978515625 -1488.7434158325195
5459.59326171875 4405.77978515625 -1488.7434158325195
5459.59326171875 4405.77978515625 -1488.7434158325195
5459.59326171875 4405.77978515625 -1488.7434158325195
-3293.80419921875 3951.57568359375 -963.48560333251953
-3293.80419921875 3951.57568359375 -963.48560333251953
586.7441234588623 4678.30224609375 524.91584777832031
586.7441234588623 4678.30224609375 524.91584777832031
4106.1513500213623 -5405.02880859375 3764.0056915283203
4106.1513500213623 -5405.02880859375 3764.0056915283203
