x_axis y_axis z_axis
3158.4423828125 1090.2672672271729 -3545.6612167358398
3925.49267578125 1226.5284976959229 -3764.5186386108398
3699.8896484375 1362.7897281646729 -3720.7471542358398
5098.62841796875 1953.2550601959229 -3852.0616073608398
5324.2314453125 1998.6754703521729 -3983.3760604858398
5143.7490234375 2089.5162906646729 -4070.9190292358398
5324.2314453125 2271.1979312896729 -4158.4619979858398
5369.35205078125 2407.4591617584229 -4289.7764511108398
5640.07568359375 2589.1408023834229 -4464.8623886108398
5730.31689453125 2316.6183414459229 -4377.3194198608398
-5324.2314453125 1907.8346500396729 -3720.7471542358398
-4105.97509765625 954.00603675842285 -3676.9756698608398
-2932.83935546875 -136.26123046875 -3326.8037948608398
-2210.90966796875 -772.14697265625 -3589.4327011108398
-1624.341796875 -999.2490234375 -3370.5752792358398
-1353.6181640625 -1907.6572265625 -3283.0323104858398
-676.80908203125 -2679.80419921875 -2976.6319198608398
-947.53271484375 -3497.37158203125 -2889.0889511108398
-180.482421875 -4632.8818359375 -2582.6885604858398
-45.12060546875 -5223.34716796875 -2626.4600448608398
406.2617015838623 4678.30224609375 -2451.3741073608398
-270.7236328125 3542.7919921875 -2407.6026229858398
-135.36181640625 2952.32666015625 -2626.4600448608398
-1037.77392578125 2407.28173828125 -2101.2022323608398
-1759.70361328125 1862.23681640625 -2188.7452011108398
-2707.236328125 817.5673828125 -2144.9737167358398
-4873.025390625 726.7265625 -2144.9737167358398
-5685.1962890625 363.36328125 -2144.9737167358398
4557.18115234375 772.14697265625 -2276.2881698608398
3293.80419921875 1589.71435546875 -2363.8311386108398
3203.56298828125 2043.91845703125 -2363.8311386108398
2210.90966796875 2498.12255859375 -2451.3741073608398
1308.49755859375 3406.53076171875 -2101.2022323608398
857.29150390625 3860.73486328125 -2013.6592636108398
225.60302734375 4950.82470703125 -2451.3741073608398
-225.7792797088623 -5632.130859375 -2582.6885604858398
-270.8998851776123 -5314.18798828125 -2538.9170761108398
-0.17625236511230469 -4224.09814453125 -2801.5459823608398
-180.6586742401123 -2770.64501953125 -2976.6319198608398
-451.3823070526123 -2134.75927734375 -3764.5186386108398
-225.7792797088623 -1362.6123046875 -3370.5752792358398
586.56787109375 -1044.66943359375 -3501.8897323608398
180.482421875 -545.044921875 -3370.5752792358398
1624.341796875 272.69988441467285 -3458.1182479858398
2391.39208984375 681.48357582092285 -3676.9756698608398
2662.11572265625 590.64275550842285 -3852.0616073608398
2571.87451171875 1317.3693180084229 -3764.5186386108398
3158.4423828125 1635.3121891021729 -4070.9190292358398
3293.80419921875 1862.4142398834229 -4639.9483261108398
3835.25146484375 2589.1408023834229 -5165.2061386108398
4015.73388671875 3134.1857242584229 -4902.5772323608398
4647.42236328125 3043.3449039459229 -5252.7491073608398
4196.21630859375 3315.8673648834229 -5427.8350448608398
4512.060546875 3270.4469547271729 -5121.4346542358398
4241.3369140625 3088.7653141021729 -5208.9776229858398
2977.9599609375 2362.0387516021729 -4858.8057479858398
1804.82421875 1544.4713687896729 -4246.0049667358398
947.53271484375 499.80193519592285 -3939.6045761108398
676.80908203125 45.597833633422852 -3852.0616073608398
586.56787109375 -862.98779296875 -3326.8037948608398
360.96484375 -1816.81640625 -3195.4893417358398
135.36181640625 -2588.96337890625 -2451.3741073608398
180.482421875 -3542.7919921875 -2407.6026229858398
-135.5380687713623 -4632.8818359375 -2495.1455917358398
-586.7441234588623 -5632.130859375 -3020.4034042358398
-767.2265453338623 5359.6083984375 -2932.8604354858398
-586.7441234588623 4542.041015625 -2582.6885604858398
135.36181640625 3951.57568359375 -2626.4600448608398
586.56787109375 2407.28173828125 -3501.8897323608398
947.53271484375 2043.91845703125 -2889.0889511108398
1353.6181640625 999.2490234375 -3370.5752792358398
1714.5830078125 545.044921875 -3283.0323104858398
2842.59814453125 -454.38152503967285 -3326.8037948608398
3519.4072265625 -45.597833633422852 -3195.4893417358398
4331.578125 -408.96111488342285 -2757.7744979858398
5324.2314453125 -45.597833633422852 -2495.1455917358398
-5459.59326171875 -91.018243789672852 -2276.2881698608398
-4466.93994140625 227.10205078125 -2188.7452011108398
-3654.76904296875 1044.66943359375 -1751.0303573608398
-2662.11572265625 2134.75927734375 -1751.0303573608398
-1895.0654296875 2452.7021484375 -1794.8018417358398
-1534.1005859375 3451.951171875 -1969.8877792358398
-947.53271484375 3315.68994140625 -1926.1162948608398
-406.08544921875 4405.77978515625 -2188.7452011108398
-225.60302734375 5132.50634765625 -2101.2022323608398
-135.36181640625 -5041.66552734375 -2451.3741073608398
45.296857833862305 -4042.41650390625 -2801.5459823608398
-406.08544921875 -3497.37158203125 -3239.2608261108398
-180.482421875 -2361.861328125 -3283.0323104858398
-676.80908203125 -2134.75927734375 -3326.8037948608398
-2120.66845703125 -1317.19189453125 -3326.8037948608398
-2842.59814453125 -408.78369140625 -3589.4327011108398
-4512.060546875 1362.7897281646729 -3370.5752792358398
-5549.83447265625 1862.4142398834229 -3239.2608261108398
5549.83447265625 1499.0509586334229 -3764.5186386108398
4692.54296875 1998.6754703521729 -4070.9190292358398
3835.25146484375 1408.2101383209229 -3676.9756698608398
3925.49267578125 954.00603675842285 -3676.9756698608398
3158.4423828125 817.74480628967285 -3283.0323104858398
2662.11572265625 863.16521644592285 -3501.8897323608398
1579.22119140625 408.96111488342285 -3501.8897323608398
1714.5830078125 181.85906410217285 -3808.2901229858398
1218.25634765625 -590.46533203125 -3852.0616073608398
1353.6181640625 -272.5224609375 -3545.6612167358398
1398.73876953125 -953.82861328125 -2976.6319198608398
2075.5478515625 -1090.08984375 -2495.1455917358398
2256.0302734375 -1090.08984375 -2495.1455917358398
2571.87451171875 -862.98779296875 -2451.3741073608398
3338.9248046875 -635.8857421875 -2320.0596542358398
3835.25146484375 -45.42041015625 -2538.9170761108398
4827.90478515625 45.597833633422852 -2538.9170761108398
5685.1962890625 181.85906410217285 -2495.1455917358398
-5594.955078125 454.38152503967285 -3195.4893417358398
-4918.14599609375 681.48357582092285 -2889.0889511108398
-5188.86962890625 227.27947425842285 -2889.0889511108398
-5008.38720703125 772.32439613342285 -2626.4600448608398
-4918.14599609375 499.80193519592285 -2538.9170761108398
-4015.73388671875 45.597833633422852 -2626.4600448608398
-3519.4072265625 -908.408203125 -2582.6885604858398
-2662.11572265625 -1408.03271484375 -2538.9170761108398
-2301.15087890625 -2407.28173828125 -2451.3741073608398
-1804.82421875 -3270.26953125 -2407.6026229858398
-1308.49755859375 -3951.57568359375 -2188.7452011108398
-676.80908203125 -4769.14306640625 -2538.9170761108398
-270.7236328125 -5177.9267578125 -2232.5166854858398
-631.6884765625 -4996.2451171875 -2320.0596542358398
0.17625236511230469 -5177.9267578125 -2495.1455917358398
-315.84423828125 -5405.02880859375 -2626.4600448608398
135.5380687713623 5768.39208984375 -2626.4600448608398
270.8998851776123 5632.130859375 -2407.6026229858398
90.417463302612305 5541.2900390625 -2670.2315292358398
45.296857833862305 5314.18798828125 -2276.2881698608398
-135.36181640625 5677.55126953125 -2538.9170761108398
-90.2412109375 -5632.130859375 -2407.6026229858398
-676.80908203125 -4859.98388671875 -2451.3741073608398
-947.53271484375 -4496.62060546875 -2276.2881698608398
-1128.01513671875 -3769.89404296875 -2276.2881698608398
-1173.1357421875 -2271.0205078125 -2757.7744979858398
-1759.70361328125 590.64275550842285 -3939.6045761108398
-1669.46240234375 1862.4142398834229 -5252.7491073608398
-1759.70361328125 3497.5490055084229 3851.7196426391602
-1218.25634765625 4042.5939273834229 2100.8602676391602
-1308.49755859375 4496.7980289459229 -87.884933471679688
-1308.49755859375 5041.8429508209229 -2276.4591522216797
-1308.49755859375 4133.4347476959229 -3326.9747772216797
-496.32666015625 3497.5490055084229 5252.2361602783203
-90.2412109375 1907.8346500396729 3895.3201446533203
631.8647289276123 726.90398597717285 3282.5193634033203
676.9853343963623 -136.26123046875 2538.4041290283203
1037.9501781463623 -1408.03271484375 2538.4041290283203
1669.6386547088623 -2498.12255859375 2363.3181915283203
1850.1210765838623 -3406.53076171875 2713.4900665283203
2572.0507640838623 -4587.46142578125 2625.9470977783203
2887.8950023651123 -5632.130859375 3282.5193634033203
3293.9804515838623 4405.77978515625 3588.9197540283203
3339.1010570526123 3996.99609375 4245.4920196533203
3700.0659008026123 2816.0654296875 5033.3787384033203
3790.3071117401123 1998.498046875 -5384.2345428466797
3248.8598461151123 1998.498046875 -4946.5196990966797
3880.5483226776123 272.5224609375 -2933.0314178466797
4196.3925609588623 -363.54070472717285 -1313.4864959716797
3880.5483226776123 -136.43865394592285 -44.113449096679688
4015.9101390838623 317.94287109375 962.80167388916016
3339.1010570526123 90.8408203125 3545.3192520141602
3203.7392406463623 499.62451171875 3764.1766738891602
3248.8598461151123 908.408203125 3895.4911270141602
3248.8598461151123 1635.134765625 5033.5497207641602
2842.7743968963623 1498.87353515625 -5515.3780136108398
2526.9301586151123 2180.1796875 -5121.4346542358398
1489.1562328338623 2588.96337890625 -3939.6045761108398
1353.7944164276123 3088.587890625 -3283.0323104858398
1128.1913890838623 3406.53076171875 -3589.4327011108398
631.8647289276123 4814.5634765625 -2757.7744979858398
270.8998851776123 5087.0859375 -2670.2315292358398
586.7441234588623 5132.50634765625 -2363.8311386108398
541.6235179901123 5541.2900390625 -3195.4893417358398
902.5883617401123 5722.9716796875 -2932.8604354858398
1218.4326000213623 5314.18798828125 -3064.1748886108398
1218.4326000213623 5132.50634765625 -2626.4600448608398
992.8295726776123 4360.359375 -2932.8604354858398
902.5883617401123 3906.1552734375 -2932.8604354858398
1398.9150218963623 3406.53076171875 -3414.3467636108398
1037.9501781463623 3134.00830078125 -3239.2608261108398
1579.3974437713623 2770.64501953125 -3151.7178573608398
1173.3119945526123 2271.0205078125 -3808.2901229858398
2030.6034984588623 2225.60009765625 -4464.8623886108398
2256.2065258026123 1271.771484375 -5033.8916854858398
2797.6537914276123 363.36328125 5033.5497207641602
2707.4125804901123 0.0 3895.4911270141602
2391.5683422088623 -636.06316566467285 3589.0907363891602
3339.1010570526123 -1680.7325992584229 1356.7450332641602
2978.1362133026123 -1408.2101383209229 481.31534576416016
3113.4980297088623 -999.42644691467285 -1401.0294647216797
3248.8598461151123 -1044.8468570709229 -2495.3165740966797
3068.3774242401123 -45.597833633422852 -4246.1759490966797
3158.6186351776123 817.5673828125 -5384.2345428466797
2752.5331859588623 1589.71435546875 4989.6072540283203
2481.8095531463623 5132.50634765625 3063.6619415283203
2256.2065258026123 -4996.2451171875 2056.9178009033203
1353.7944164276123 -3088.587890625 1881.8318634033203
541.6235179901123 -1362.6123046875 1969.3748321533203
-541.447265625 1544.4713687896729 3282.5193634033203
-1218.25634765625 2498.2999820709229 3939.0916290283203
-1534.1005859375 3633.8102359771729 4595.6638946533203
-2391.39208984375 4405.9572086334229 5427.3220977783203
-2752.35693359375 4860.1613101959229 -4902.7482147216797
-3023.08056640625 5586.8878726959229 -2364.0021209716797
-3384.04541015625 5586.8878726959229 -1050.8575897216797
-3248.68359375 4996.4225406646729 656.40128326416016
-3338.9248046875 4542.2184391021729 3457.7762832641602
-4512.060546875 3997.1735172271729 4508.2919082641602
-4105.97509765625 3951.7531070709229 5164.8641738891602
-4737.66357421875 2952.5040836334229 -4902.5772323608398
-4512.060546875 1907.8346500396729 -4070.9190292358398
-3925.49267578125 772.32439613342285 -3589.4327011108398
-3158.4423828125 -1362.6123046875 -2407.6026229858398
-2301.15087890625 -3043.16748046875 -2101.2022323608398
-1985.306640625 -4087.8369140625 -1969.8877792358398
-1759.70361328125 -5223.34716796875 -2013.6592636108398
-90.2412109375 5087.0859375 -2407.6026229858398
947.7089672088623 4405.77978515625 -3239.2608261108398
1579.3974437713623 3951.57568359375 -3676.9756698608398
1534.2768383026123 3724.4736328125 -4070.9190292358398
2075.7241039276123 2543.54296875 -4508.6338729858398
2256.2065258026123 1180.9306640625 -5384.0635604858398
2391.5683422088623 499.62451171875 5515.0360488891602
2256.2065258026123 908.408203125 5558.8075332641602
2346.4477367401123 454.2041015625 5383.7215957641602
2256.2065258026123 454.2041015625 4683.3778457641602
3158.6186351776123 90.8408203125 3895.4911270141602
2842.7743968963623 -0.17742347717285156 4026.8055801391602
2256.2065258026123 90.8408203125 4595.8348770141602
1940.3622875213623 590.46533203125 5252.4071426391602
1714.7592601776123 908.408203125 -4946.3487167358398
1173.3119945526123 1180.9306640625 -4246.0049667358398
496.5029125213623 1953.07763671875 -3676.9756698608398
451.3823070526123 2725.224609375 -3020.4034042358398
0.17625236511230469 2997.7470703125 -2495.1455917358398
-721.9296875 3179.4287109375 -2057.4307479858398
-1128.01513671875 3588.21240234375 -2101.2022323608398
-1714.5830078125 3996.99609375 -1357.0869979858398
-2662.11572265625 4587.46142578125 -1400.8584823608398
-2707.236328125 4632.8818359375 -1269.5440292358398
-3203.56298828125 5223.34716796875 -1138.2295761108398
-2571.87451171875 5586.71044921875 -1313.3155136108398
-2707.236328125 -5087.0859375 -1707.2588729858398
-2752.35693359375 -5132.50634765625 -1488.4014511108398
-2120.66845703125 -5223.34716796875 -1138.2295761108398
-1985.306640625 5722.9716796875 -1532.1729354858398
-1985.306640625 5450.44921875 -1444.6299667358398
-1849.94482421875 5132.50634765625 -1663.4873886108398
-1714.5830078125 3996.99609375 -1794.8018417358398
-1940.18603515625 3769.89404296875 -1488.4014511108398
-2210.90966796875 3406.53076171875 -1488.4014511108398
-2391.39208984375 2770.64501953125 -1575.9444198608398
-3293.80419921875 1953.07763671875 -1663.4873886108398
-3609.6484375 1998.498046875 -1619.7159042358398
-4331.578125 1725.9755859375 -1532.1729354858398
-5504.7138671875 1725.9755859375 -1619.7159042358398
5594.955078125 1725.9755859375 -1182.0010604858398
5324.2314453125 1725.9755859375 -1707.2588729858398
-5233.990234375 2089.3388671875 -1532.1729354858398
-4331.578125 2271.0205078125 -1269.5440292358398
-2932.83935546875 2407.28173828125 -1313.3155136108398
-541.447265625 2725.224609375 -2144.9737167358398
496.5029125213623 2679.80419921875 -3151.7178573608398
1398.9150218963623 2679.80419921875 -4114.6905136108398
2391.5683422088623 2679.80419921875 -4990.1202011108398
3654.9452953338623 2043.91845703125 4464.5204238891602
4196.3925609588623 2043.91845703125 3326.4618301391602
4241.5131664276123 1725.9755859375 1794.4598770141602
4963.4428539276123 1271.771484375 831.48722076416016
4647.5986156463623 1226.35107421875 -1313.4864959716797
4467.1161937713623 772.14697265625 -1926.2872772216797
3700.0659008026123 817.5673828125 -3720.9181365966797
2391.5683422088623 45.42041015625 -5252.9200897216797
857.4677562713623 -999.42644691467285 4551.8924102783203
-586.56787109375 -1998.6754703521729 3676.4627227783203
-1398.73876953125 -1907.8346500396729 3588.9197540283203
-2075.5478515625 -2225.7775211334229 3282.5193634033203
-2391.39208984375 -2180.3571109771729 3326.2908477783203
-2887.71875 -1862.4142398834229 3370.0623321533203
-3699.8896484375 -1953.2550601959229 2757.2615509033203
-3158.4423828125 -2134.9367008209229 3545.1482696533203
-2977.9599609375 -2316.6183414459229 2757.2615509033203
-1534.1005859375 -1680.7325992584229 3370.0623321533203
-225.60302734375 -1181.1080875396729 3501.3767852783203
2391.5683422088623 45.42041015625 4464.3494415283203
3203.7392406463623 1044.66943359375 5602.4080352783203
3700.0659008026123 1362.6123046875 -3896.0040740966797
5098.8046703338623 1862.23681640625 -2188.9161834716797
5098.8046703338623 1953.07763671875 -438.05680847167969
4737.8398265838623 2134.75927734375 2188.4032363891602
4015.9101390838623 2861.48583984375 3238.9188613891602
3925.6689281463623 3224.84912109375 5164.8641738891602
2797.6537914276123 3270.26953125 -5033.8916854858398
361.1410961151123 3633.6328125 -3107.9463729858398
-225.60302734375 3951.57568359375 -2188.7452011108398
-2526.75390625 3996.99609375 -1444.6299667358398
-4105.97509765625 3406.53076171875 -963.14363861083984
-5459.59326171875 3679.05322265625 -1050.6866073608398
3745.01025390625 3497.37158203125 -1838.5733261108398
3023.08056640625 3769.89404296875 -1313.3155136108398
2391.39208984375 3224.84912109375 -2276.2881698608398
992.6533203125 3542.7919921875 -2495.1455917358398
-45.296857833862305 2725.224609375 -3283.0323104858398
-1263.5532054901123 2770.64501953125 -4114.6905136108398
-2662.2919750213623 2089.3388671875 5121.0926895141602
-2662.2919750213623 2452.7021484375 5033.5497207641602
-3203.7392406463623 1816.81640625 4333.2059707641602
-3384.2216625213623 1453.453125 3195.1473770141602
-4015.9101390838623 363.36328125 1444.2880020141602
-3339.1010570526123 -181.85906410217285 875.25870513916016
-2887.8950023651123 -1090.2672672271729 -613.14274597167969
-2301.3271312713623 -2134.9367008209229 -1357.2579803466797
-1850.1210765838623 -2679.9816226959229 -2582.8595428466797
-2256.2065258026123 -1816.9938297271729 -3326.9747772216797
-857.4677562713623 -3406.7081851959229 -3633.3751678466797
360.96484375 -3406.7081851959229 -4508.8048553466797
1398.73876953125 -3542.9694156646729 -5077.8341522216797
2075.5478515625 -3770.0714664459229 -5559.3204803466797
3023.08056640625 -3724.6510562896729 5602.4080352783203
2842.59814453125 -3906.3326969146729 5164.6931915283203
4015.73388671875 -3724.6510562896729 4026.6345977783203
4963.2666015625 -3497.5490055084229 3720.2342071533203
-5504.7138671875 -2589.1408023834229 2757.2615509033203
-5504.7138671875 -2316.6183414459229 3282.5193634033203
-5369.35205078125 -2180.3571109771729 2801.0330352783203
-5504.7138671875 -1499.0509586334229 2232.0037384033203
-5143.7490234375 -1499.0509586334229 1881.8318634033203
-4737.66357421875 -1453.6305484771729 1838.0603790283203
-5233.990234375 -1589.8917789459229 1706.7459259033203
-5053.5078125 -1589.8917789459229 1969.3748321533203
4466.93994140625 -2997.9244937896729 3063.6619415283203
3609.6484375 -3860.9122867584229 4333.0349884033203
2526.75390625 -3951.7531070709229 5471.0935821533203
1895.0654296875 -4042.5939273834229 -4858.9767303466797
-812.3471508026123 -3815.4918766021729 -2801.7169647216797
-1083.0707836151123 -3179.6061344146729 -2539.0880584716797
-1669.6386547088623 -2498.2999820709229 -832.00016784667969
-2211.0859203338623 -2589.1408023834229 -131.65641784667969
-2165.9653148651123 -2180.3571109771729 962.80167388916016
-2165.9653148651123 -1635.3121891021729 2538.5751113891602
-1895.2416820526123 -1453.6305484771729 3063.8329238891602
-1444.0356273651123 -1271.9489078521729 4464.5204238891602
-225.7792797088623 -1044.8468570709229 5558.8075332641602
541.447265625 -318.12029457092285 -4771.2627792358398
1173.1357421875 -408.96111488342285 -4246.0049667358398
1714.5830078125 -227.27947425842285 -3895.8330917358398
3880.3720703125 181.681640625 -2407.6026229858398
5504.7138671875 817.5673828125 -1969.8877792358398
-5685.1962890625 272.5224609375 -1619.7159042358398
-4466.93994140625 590.46533203125 -1838.5733261108398
-3248.68359375 817.5673828125 -2144.9737167358398
-2616.9951171875 181.681640625 -2232.5166854858398
-1849.94482421875 227.10205078125 -2801.5459823608398
-631.6884765625 817.5673828125 -3458.1182479858398
316.0204906463623 1317.19189453125 -3326.8037948608398
1218.4326000213623 1953.07763671875 -3939.6045761108398
2301.3271312713623 1771.39599609375 -5252.7491073608398
2933.0156078338623 2134.75927734375 4989.7782363891602
3790.3071117401123 2180.1796875 4158.1200332641602
4647.5986156463623 2407.28173828125 2363.4891738891602
4782.9604320526123 1998.498046875 1006.5731582641602
5234.1664867401123 1544.2939453125 -306.74235534667969
4376.8749828338623 681.30615234375 -1401.0294647216797
4106.1513500213623 136.26123046875 -3064.3458709716797
3564.7040843963623 -272.69988441467285 -4027.3185272216797
2662.2919750213623 -454.38152503967285 -4640.1193084716797
1714.7592601776123 -408.96111488342285 -5471.7775115966797
2165.9653148651123 -136.43865394592285 5208.4646759033203
1489.1562328338623 -363.54070472717285 4814.5213165283203
767.2265453338623 -908.58562660217285 4289.2635040283203
-180.482421875 -863.16521644592285 3632.6912384033203
-1624.341796875 -1680.7325992584229 3107.4334259033203
-2797.4775390625 -1953.2550601959229 3019.8904571533203
-2616.9951171875 -1771.5734195709229 2757.2615509033203
-2887.71875 -2407.4591617584229 2757.2615509033203
-2481.63330078125 -1816.9938297271729 2538.4041290283203
-1759.70361328125 -1271.9489078521729 2713.4900665283203
-1128.01513671875 -726.90398597717285 2625.9470977783203
270.8998851776123 -136.43865394592285 2932.3474884033203
947.7089672088623 45.42041015625 3764.0056915283203
1398.9150218963623 -181.85906410217285 4376.8064727783203
2707.4125804901123 272.5224609375 -5209.1486053466797
3700.0659008026123 454.2041015625 -3195.6603240966797
4106.1513500213623 499.62451171875 -2188.9161834716797
4331.7543773651123 545.044921875 -1269.7150115966797
4196.3925609588623 1135.51025390625 525.08683013916016
4286.6337718963623 590.46533203125 875.25870513916016
4421.9955883026123 1725.9755859375 2494.8036270141602
4151.2719554901123 2089.3388671875 4158.1200332641602
4015.9101390838623 2498.12255859375 4989.7782363891602
2391.5683422088623 3679.05322265625 -4552.4053573608398
2030.6034984588623 3497.37158203125 -4027.1475448608398
1714.7592601776123 3179.4287109375 -3458.1182479858398
-225.60302734375 2770.64501953125 -2626.4600448608398
-676.80908203125 2316.44091796875 -2451.3741073608398
-1895.0654296875 1725.9755859375 -2320.0596542358398
-2662.11572265625 1408.03271484375 -1751.0303573608398
-2346.271484375 817.5673828125 -1794.8018417358398
-2391.39208984375 -91.018243789672852 -2538.9170761108398
-2165.7890625 272.5224609375 -2495.1455917358398
-1579.22119140625 862.98779296875 -2626.4600448608398
-1624.341796875 726.7265625 -2582.6885604858398
-992.6533203125 1725.9755859375 -2495.1455917358398
-360.96484375 2180.1796875 -2320.0596542358398
-180.482421875 3361.1103515625 -2670.2315292358398
-225.60302734375 3860.73486328125 -2276.2881698608398
-225.60302734375 5223.34716796875 -2276.2881698608398
-406.08544921875 5677.55126953125 -2276.2881698608398
-451.2060546875 -5359.6083984375 -2057.4307479858398
-586.56787109375 -4224.09814453125 -2101.2022323608398
-1488.97998046875 -3679.05322265625 -2188.7452011108398
-2075.5478515625 -1998.498046875 -2757.7744979858398
-2120.66845703125 -1317.19189453125 -2889.0889511108398
-2752.35693359375 -227.10205078125 -3414.3467636108398
-3068.201171875 -272.5224609375 -3195.4893417358398
-3564.52783203125 -227.10205078125 -2889.0889511108398
-3429.166015625 -545.044921875 -3283.0323104858398
-3429.166015625 -726.7265625 -2932.8604354858398
-2887.71875 -1362.6123046875 -2232.5166854858398
-2842.59814453125 -1226.35107421875 -2101.2022323608398
-2887.71875 -1635.134765625 -2757.7744979858398
-2707.236328125 -1998.498046875 -2757.7744979858398
-3248.68359375 -2634.3837890625 -2232.5166854858398
-4466.93994140625 -2770.64501953125 -1663.4873886108398
-5324.2314453125 -2271.0205078125 -1357.0869979858398
4286.45751953125 -3679.05322265625 -963.14363861083984
3203.56298828125 -3134.00830078125 -1313.3155136108398
721.9296875 -3451.951171875 -2407.6026229858398
-135.5380687713623 -3542.7919921875 -2845.3174667358398
-1308.6738109588623 -4269.5185546875 -3458.1182479858398
-3339.1010570526123 -4587.46142578125 -4377.3194198608398
-3248.8598461151123 -5314.18798828125 -5252.7491073608398
-4918.3222484588623 5450.44921875 4158.1200332641602
-5098.8046703338623 5359.6083984375 3370.2333145141602
5730.1406421661377 5087.0859375 1882.0028457641602
-5459.7695140838623 5177.9267578125 1706.9169082641602
-5504.8901195526123 4042.41650390625 350.00089263916016
-5504.8901195526123 3860.73486328125 -525.59977722167969
-5504.8901195526123 3769.89404296875 -788.22868347167969
-5550.0107250213623 3361.1103515625 -919.54313659667969
-5369.5283031463623 3270.26953125 -1007.0861053466797
-5504.8901195526123 3679.05322265625 -438.05680847167969
-5189.0458812713623 3542.7919921875 -306.74235534667969
-5279.2870922088623 3996.99609375 1531.8309707641602
-4963.4428539276123 4314.93896484375 2451.0321426391602
-4331.7543773651123 4859.98388671875 4902.2352676391602
-2842.7743968963623 4723.72265625 -4596.1768417358398
-270.8998851776123 5132.50634765625 -2714.0030136108398
135.36181640625 5495.86962890625 -1926.1162948608398
1308.49755859375 -5768.39208984375 -1575.9444198608398
2616.9951171875 -4632.8818359375 -1444.6299667358398
3474.28662109375 -4042.41650390625 -1313.3155136108398
5414.47265625 -3451.951171875 -919.37215423583984
-5414.47265625 -3361.1103515625 -1182.0010604858398
-4557.18115234375 -3043.16748046875 -1575.9444198608398
-3654.76904296875 -2407.28173828125 -1751.0303573608398
-2842.59814453125 -2588.96337890625 -2276.2881698608398
-2662.11572265625 -1771.39599609375 -2363.8311386108398
-1579.22119140625 -1589.71435546875 -2976.6319198608398
-857.29150390625 -1498.87353515625 -3326.8037948608398
-1173.1357421875 -1635.134765625 -3195.4893417358398
-1082.89453125 -1362.6123046875 -3458.1182479858398
-360.96484375 -545.044921875 -3895.8330917358398
-270.7236328125 -454.2041015625 -4508.6338729858398
180.6586742401123 -454.2041015625 -4508.6338729858398
992.8295726776123 -272.5224609375 -5471.6065292358398
1579.3974437713623 -772.14697265625 5427.4930801391602
2211.0859203338623 -1044.66943359375 4814.6922988891602
3339.1010570526123 -999.2490234375 3983.0340957641602
3474.4628734588623 -1135.51025390625 3238.9188613891602
4331.7543773651123 -1725.9755859375 1531.8309707641602
4557.3574047088623 -1135.51025390625 350.00089263916016
4647.5986156463623 -1317.19189453125 -438.05680847167969
4918.3222484588623 -1680.55517578125 -1313.4864959716797
5008.5634593963623 -1953.07763671875 -1663.6583709716797
4647.5986156463623 -2225.60009765625 -2276.4591522216797
5008.5634593963623 -2407.28173828125 -2801.7169647216797
4737.8398265838623 -2588.96337890625 -3414.5177459716797
4692.7192211151123 -2997.7470703125 -3720.9181365966797
4873.2016429901123 -3724.4736328125 -4421.2618865966797
4918.3222484588623 -4224.09814453125 -4727.6622772216797
4421.9955883026123 -5268.767578125 -5384.2345428466797
4963.4428539276123 -5632.130859375 5033.3787384033203
4286.6337718963623 5223.34716796875 5164.6931915283203
3700.0659008026123 4451.2001953125 4770.7498321533203
3745.1865062713623 4405.77978515625 4551.8924102783203
3609.8246898651123 4542.041015625 4770.7498321533203
3790.3071117401123 4723.72265625 5208.4646759033203
4196.3925609588623 5223.34716796875 5427.3220977783203
4647.5986156463623 -5768.39208984375 -5165.3771209716797
4782.9604320526123 -5722.9716796875 -4158.6329803466797
5098.8046703338623 -4405.77978515625 -3064.3458709716797
5008.5634593963623 -3406.53076171875 -1838.7443084716797
4512.2367992401123 -2452.7021484375 -656.91423034667969
3745.1865062713623 -1498.87353515625 1137.8876113891602
4557.3574047088623 -2770.64501953125 2363.4891738891602
3248.8598461151123 -2180.1796875 3545.3192520141602
